288 322 4 193515 10 1151546 12 1198589 22 1227549 16 
288 323 4 1078788 12 1149673 9 1227551 22 1227554 1 
288 324 2 1205723 1 1227554 3 
289 323 9 140985 2 179439 1 245292 4 245298 5 245295 5 245297 3 246473 1 1081025 5 1181549 1 
289 324 8 140994 15 192966 11 246473 2 1080134 15 1181549 3 1181552 9 1205723 9 1205720 40 
290 323 5 179432 20 179439 5 245298 3 1132137 3 1181545 8 
290 324 2 205998 5 1258075 11 
290 325 3 205995 5 205998 9 206058 9 
290 326 3 205991 3 205994 17 206058 1 
290 327 3 205988 3 205991 5 206012 15 
290 328 5 206009 3 206006 11 206011 1 206012 9 1258073 8 
291 328 1 1258073 16 
291 329 4 206176 1 206173 2 1258072 6 1258073 13 
292 329 3 206171 2 206169 7 206173 9 
292 330 4 206167 2 206165 16 206163 2 206169 1 
293 329 1 206082 3 
293 330 4 206082 5 206161 13 206158 11 206163 1 
294 329 4 206079 2 206082 12 206147 13 206145 4 
295 329 2 179950 3 206145 30 
296 329 2 179950 28 206141 6 
297 329 2 180029 20 206141 15 
298 329 2 180029 9 206138 12 
298 330 1 206138 13 
299 329 1 206138 32 
300 329 1 206138 2 
300 330 2 180042 20 206138 17 
301 330 2 180042 5 206135 24 
301 331 2 206135 11 206133 9 
302 331 3 206132 10 206133 3 1265627 3 
302 332 3 192059 5 192062 8 206132 7 
303 326 1 195422 8 
303 327 5 140672 1 140661 2 140666 19 195422 4 1177341 2 
303 328 5 139900 2 196984 1 196967 6 1177341 10 1177339 3 
303 329 5 151990 1 196978 7 1077287 3 1177339 7 1177337 8 
303 330 3 192075 11 246963 10 1077287 3 
303 331 3 192075 10 192073 15 192070 3 
303 332 6 192055 11 192053 3 192059 16 192057 5 192070 2 192064 13 
304 314 10 175869 27 175865 1 182264 4 182269 2 182271 1 199236 5 202415 1 1106968 16 1142700 2 1265371 8 
304 316 4 151877 3 152496 4 194094 6 194091 8 
304 317 4 124431 1 151877 3 152499 2 152503 1 
304 318 1 152493 4 
304 319 3 140690 19 152490 6 152509 1 
304 320 1 152490 24 
304 321 1 152490 23 
304 322 2 152490 17 152488 6 
304 323 2 152488 5 1177349 5 
304 324 3 1083617 7 1177345 2 1177348 4 
304 325 5 152000 14 152533 5 152530 3 195443 1 1083617 2 
304 326 5 152533 3 195425 5 195422 5 1084606 3 1250596 1 
304 331 3 151898 23 192052 18 192053 21 
304 332 2 192052 5 192053 4 
305 314 4 182264 2 182274 9 182271 20 1265371 22 
305 315 3 182222 3 182274 20 194086 7 
305 316 2 194094 10 194086 5 
305 331 4 151898 21 151901 7 179716 33 197565 4 
306 330 3 179735 5 179737 12 201018 14 
306 331 3 179735 23 193344 4 197565 16 
307 329 10 124836 2 126586 4 126877 3 127261 8 201295 9 1143914 13 1143905 27 1143909 6 1236444 5 1239531 85 
307 330 9 124836 2 126575 2 180063 38 180084 12 201018 22 201015 8 1078289 7 1143918 4 1143922 11 
307 346 23 1089624 3 1093031 1 1093019 10 1093022 10 1093018 3 1093023 5 1093025 5 1093027 12 1093028 1 1093030 4 1270598 2 1270602 2 1270605 1 1270625 1 1270613 14 1270629 2 1270633 3 1270624 1 1270614 1 1270607 4 1270610 1 1270609 2 1270616 1 
307 347 8 1093031 18 1093032 14 1093034 14 1093035 4 1093028 17 1093038 5 1093041 6 1093037 4 
307 348 9 913858 209 913853 19 913855 15 913856 25 1093038 40 1093041 39 1093043 11 1093040 23 1266365 57 
307 349 2 913855 10 1266365 20 
308 313 12 173838 15 182597 26 182601 72 182605 40 1093438 31 1093441 10 1109838 23 1109837 27 1230469 12 1250708 12 1265834 8 1272925 10 
308 314 2 182597 36 182596 25 
308 329 13 127261 1 132731 39 244383 11 245337 1 245334 1 1119918 170 1087924 6 1087944 6 1095354 4 1172722 6 1226496 4 1227859 5 1230093 5 
308 330 5 180084 41 180066 28 180064 12 192239 46 201015 14 
308 344 7 1092992 1 1092985 8 1092986 17 1092988 40 1192368 14 1218700 19 1218702 13 
308 345 16 1089623 1 1092992 5 1092996 2 1092989 6 1093003 5 1093000 10 1093002 8 1092999 3 1092993 1 1092997 4 1093007 11 1093010 6 1093009 11 1093014 6 1093006 5 1093013 1 
308 346 4 1089623 7 1089624 3 1093018 3 1093013 7 
308 348 7 1093043 12 1095393 6 1172687 6 1192350 7 1208896 6 1210328 11 1210324 10 
309 312 10 840380 9 1120909 4 1093441 2 1189463 5 1189469 8 1280590 11 1280566 3 1280556 9 1280550 12 1280534 5 
309 313 1 1093441 7 
309 314 4 182190 167 180965 19 182593 77 182596 121 
309 329 12 1133115 3 1133123 13 1152606 1 1198300 6 1202476 18 1205450 2 1205567 5 1218495 22 1221060 6 1227522 6 1227859 12 1231942 12 
309 330 21 176400 53 176391 2 176397 9 192172 2 192178 2 192176 15 192239 3 192218 36 192223 11 192220 18 192221 108 192261 5 192265 9 192252 29 192251 22 192263 2 192281 5 201306 14 1158308 12 1221160 12 1221156 11 
309 331 12 176375 3 176377 38 192180 7 192182 5 192178 1 192212 22 192214 31 192185 2 192210 32 192218 5 192280 3 205097 3 
309 332 6 176364 3 176367 16 192186 17 192210 27 205097 7 1244528 82 
309 333 6 177287 14 176367 6 199791 80 199794 14 1244528 25 1244531 3 
309 334 6 177287 18 177292 2 177290 2 199791 87 199788 10 1244533 10 
309 335 13 177302 4 177292 10 177294 1 177298 6 177310 52 199788 45 1083240 11 1082561 3 1244543 3 1244539 1 1244536 5 1244540 12 1244535 13 
309 336 3 177294 7 177310 23 1083240 4 
309 344 6 1149098 9 1192369 37 1192368 8 1218702 8 1234309 37 1234308 8 
309 348 6 1096599 7 1131611 15 1177143 9 1184045 17 1187983 10 1192350 4 
310 310 7 173732 5 1090754 5 1134758 25 1166689 24 1172450 102 1187776 7 1195228 22 
310 312 8 245271 10 1189477 3 1189471 9 1189474 5 1280573 12 1280566 1 1280592 6 1280574 9 
310 314 5 180886 2 180965 14 181077 29 246685 7 246682 6 
310 315 8 180863 16 180861 3 180862 4 180886 3 180881 6 180883 10 181070 4 1237977 13 
310 316 2 180863 32 653630 2 
310 320 1 180859 41 
310 321 1 180859 53 
310 322 1 180859 54 
310 323 1 180859 56 
310 324 2 151927 22 180859 35 
310 325 2 151927 8 194013 43 
310 326 2 177243 46 194013 10 
310 327 2 177243 43 177245 13 
310 328 2 177245 39 192235 11 
310 329 17 192193 2 192196 15 192192 5 192229 20 192228 8 192230 16 192233 20 192235 9 246850 6 246856 3 1068838 8 1081982 10 1081984 9 1223630 38 1218594 7 1218595 8 1221160 5 
310 330 12 176391 3 180144 18 192172 1 192193 17 192225 44 192223 3 192229 7 192228 9 192257 16 192258 3 192281 3 1221160 27 
310 336 27 3167 5 177294 14 177309 52 177310 79 177307 30 177369 1 198016 1 198017 7 198032 11 198022 2 197982 9 199344 4 199347 2 202679 90 202676 7 205413 40 247386 4 248911 2 1083240 8 1085066 7 1085067 10 1084211 11 1159200 12 1211361 4 1219236 6 1219237 2 1219238 1 
310 337 7 55216 27 177303 4 177307 7 177431 22 198805 16 198808 13 1084211 1 
310 343 4 1072294 10 1184165 31 1235729 11 1235730 32 
310 344 6 1149097 7 1149098 14 1184165 4 1184163 8 1234308 13 1235730 4 
310 346 3 1187992 30 1187995 2 1187998 10 
310 347 4 1187983 1 1187985 26 1187989 14 1187992 2 
310 348 1 1187983 22 
311 310 5 1090754 9 1176886 13 1187781 14 1187784 22 1194397 3 
311 311 8 839113 5 839109 4 1102402 7 1142146 32 1155070 7 1156286 6 1194397 8 1223384 8 
311 312 2 839109 11 1189477 10 
311 314 2 180886 3 180993 7 
311 315 2 180952 23 180993 3 
311 316 2 180867 6 653630 12 
311 317 6 180867 6 180869 11 180871 3 180872 8 180874 15 1245175 7 
311 318 5 180859 8 180874 18 180877 14 1263705 5 1263706 5 
311 319 1 180859 52 
311 320 1 180859 16 
311 329 2 1169413 41 1223630 7 
311 330 1 180144 39 
311 336 5 55221 36 177431 42 198805 18 198808 33 1083465 6 
311 337 3 177431 29 198805 17 198808 40 
311 342 4 1078905 34 1078904 9 1234085 39 1230447 9 
311 343 6 1072294 2 1072293 6 1078905 6 1234084 6 1234085 7 1235729 3 
311 345 1 1187999 3 
311 346 2 1187999 47 1187998 7 
312 315 4 180952 24 180976 9 180979 5 180973 3 
312 330 1 180144 40 
312 336 10 151929 1 177431 70 198805 32 200446 13 200819 115 1083465 52 1121189 26 1182684 24 1219254 46 1229220 36 
312 337 1 151929 2 
312 341 3 1079319 9 1178716 28 1230449 34 
312 342 7 1079319 4 1078904 14 1174426 15 1174428 18 1178716 11 1230449 14 1230447 12 
312 343 2 1174418 11 1174423 22 
312 344 2 1174418 24 1174415 36 
312 345 3 1168435 16 1174415 24 1187999 17 
313 313 3 1106352 6 1150670 2 1184639 10 
313 314 10 126612 1 126613 1 181095 18 1100430 6 1100424 4 1100426 6 1100434 7 1100439 7 1150670 6 1184644 7 
313 315 3 126613 5 180982 9 1100442 6 
313 330 3 180144 13 1079029 38 1119179 15 
313 331 6 205119 1 1138011 4 1164893 9 1193978 7 1208949 6 1264614 7 
313 332 7 1097428 5 1105640 3 1111906 8 1138011 2 1146509 5 1175973 13 1264624 5 
313 333 5 1164384 22 1168960 9 1168963 9 1175973 1 1209310 17 
313 334 7 1083290 8 1140880 7 1168977 9 1168970 5 1168967 1 1168963 1 1168972 22 
313 335 11 205575 5 1086202 1 1144747 2 1168977 1 1168991 6 1168980 6 1168989 6 1168983 6 1168986 5 1168998 2 1168994 9 
313 336 16 177431 2 1104101 21 1104120 10 1111645 31 1111647 126 1111669 27 1165428 38 1169000 36 1168998 7 1169005 43 1169001 160 1168997 19 1182684 31 1219257 1 1219258 30 1219263 22 
313 337 7 177440 2 177418 18 177421 18 177431 11 177424 1 177434 36 177437 36 
313 338 4 177440 8 177442 41 177424 3 177427 20 
313 339 4 177442 37 177430 14 177427 11 177467 13 
313 340 13 131002 3 131003 16 131022 5 131024 25 131148 10 177430 13 177467 2 177472 2 1182048 6 1182046 6 1256421 10 1278446 1 1278439 10 
313 341 25 123163 3 123164 4 130994 1 130992 6 130995 7 131050 6 131064 1 131052 2 131091 3 131092 5 131119 2 131148 12 131141 2 131143 2 131153 2 131155 6 131146 3 1079319 1 1178716 25 1178714 38 1182045 7 1182044 5 1182048 1 1182039 56 1230449 30 
314 330 2 1119179 6 1119183 11 
314 331 3 205117 22 1119183 6 1164893 5 
314 334 4 1120305 38 1182095 4 1182091 19 1261236 8 
314 335 4 1079464 39 1120305 1 1182081 26 1182086 10 
314 336 11 247266 25 1111652 19 1111650 28 1111647 3 1125274 167 1168997 1 1181905 53 1181904 66 1182081 11 1196581 6 1219264 12 
314 340 4 177430 3 177472 7 1256423 51 1278446 16 
315 331 7 154638 7 180122 15 208849 12 1138054 75 1146427 4 1193958 17 1258632 56 
315 332 5 1097339 15 1146427 26 1176032 39 1258647 99 1258646 17 
315 333 4 1090552 51 1164406 21 1176032 1 1261236 67 
315 334 1 1261236 41 
316 331 1 154638 69 
317 325 5 206651 4 1086249 18 1122558 14 1122552 7 1122555 7 
317 326 3 1122547 11 1122550 15 1122552 6 
317 331 3 154638 44 178804 15 178803 11 
318 324 4 174257 3 1122563 5 1122567 10 1122570 7 
318 325 3 179116 38 1122558 7 1122563 7 
318 326 2 1122544 1 1122547 21 
318 327 4 1116235 6 1122539 29 1122544 8 1238830 8 
318 328 8 1099467 3 1108381 7 1122537 9 1186961 9 1193106 3 1193099 6 1213401 8 1238811 2 
318 329 8 1084465 4 1099467 1 1152540 4 1158387 6 1202481 6 1213391 8 1213397 8 1213398 3 
318 330 13 1114672 3 1123268 2 1158297 4 1158387 1 1179815 8 1185416 3 1213379 1 1213390 5 1213386 3 1213383 3 1244565 4 1261003 2 1261043 8 
318 331 12 154642 2 154644 4 178804 15 178803 3 1072593 40 1083851 5 1193990 4 1244565 23 1244567 4 1244556 20 1244559 3 1244563 2 
319 324 2 1122570 2 1122573 10 
319 325 3 1122580 7 1122573 15 1122577 25 
319 330 3 154650 2 154646 4 1239810 5 
319 331 3 154646 13 1237825 6 1244556 5 
320 324 5 1099326 5 1122587 8 1122580 1 1122588 37 1122583 31 
320 325 1 1122580 1 
320 330 2 178064 28 1239810 5 
321 323 4 247003 5 1077960 18 1077953 44 1122594 5 
321 324 3 1099326 14 1122592 13 1122594 11 
321 330 2 178064 12 1223258 19 
322 330 2 178014 21 1223258 10 
323 330 3 178018 10 178014 10 192288 7 
323 331 2 133127 2 192288 3 
324 331 5 133127 7 178056 12 192290 6 192294 7 192759 2 
325 330 1 192294 25 
325 331 1 192294 8 
326 330 2 192294 12 1259121 20 
327 329 1 1259121 20 
327 330 1 1259121 20 
328 327 1 780828 16 
328 328 3 780828 14 1258067 3 1259121 9 
328 329 1 1259121 10 
329 326 2 133237 2 133236 28 
329 327 2 193878 3 780828 9 
330 308 5 812674 16 815431 18 815426 19 815434 15 824962 20 
330 309 5 816350 24 822597 31 824962 1 833254 11 833258 19 
330 310 3 806107 11 816350 17 830445 16 
330 311 6 798374 1 808703 14 833267 22 833261 10 833263 11 830445 2 
330 312 6 796140 6 805562 10 825747 11 833223 41 833267 17 833440 7 
330 313 5 795079 9 819500 12 822147 42 825747 6 830981 8 
330 314 6 784771 28 795079 5 814772 56 820403 33 819329 24 832328 6 
330 315 1 814772 7 
330 325 1 133236 15 
330 326 1 133236 21 
331 315 6 814772 5 816017 33 816013 6 823083 13 832333 13 1064929 3 
331 316 4 809613 7 816013 10 816007 15 816009 71 
331 317 4 195857 4 816000 12 816004 24 816007 11 
331 318 2 195857 22 195860 21 
331 319 6 183025 1 183022 59 195859 1 195860 8 248397 5 248394 53 
331 320 1 248394 9 
331 324 4 133236 17 151958 1 193882 2 259816 12 
331 325 1 133236 23 
332 320 3 193146 4 248394 14 248654 11 
332 321 3 193146 23 193143 7 193161 8 
332 322 1 193116 23 
332 323 3 193068 3 193116 1 259816 24 
333 321 4 193132 10 193141 12 193143 10 193130 2 
333 322 4 193116 5 193090 4 193141 14 193130 3 
